103
1 USA 2543
2 DEU 1947
3 FRA 743
4 NLD 502
5 unknown 292
6 CHN 451
7 CAN 431
8 GBR 328
9 SGP 274
10 RUS 289
11 JPN 249
12 KOR 209
13 AUS 173
14 CHE 129
15 HKG 135
16 FIN 115
17 IRL 113
18 SWE 98
19 UKR 99
20 BRA 90
21 IND 77
22 CZE 78
23 LTU 74
24 POL 68
25 ITA 66
26 ESP 66
27 ROU 64
28 AUT 55
29 NOR 49
30 BGR 44
31 BEL 35
32 BLR 32
33 ARG 23
34 SVK 23
35 HUN 23
36 GRC 22
37 DNK 22
38 SVN 21
39 THA 20
40 NZL 19
41 Malaysia 19
42 ZAF 18
43 Israel 16
44 Taiwan 17
45 Turkey 17
46 Mexico 12
47 Latvia 10
48 Portugal 7
49 Estonia 9
50 Luxembourg 10
51 Vietnam 10
52 Kazakhstan 8
53 ARE 7
54 Venezuela 5
55 CRI 6
56 ISL 6
57 Croatia 5
58 Seychelles 4
59 Serbia 4
60 GEO 3
61 MDA 5
62 Uruguay 3
63 Chile 5
64 Curacao 4
65 Kyrgyzstan 4
66 Colombia 4
67 Cyprus 3
68 Kenya 3
69 TTO 2
70 IRN 3
71 Qatar 3
72 Bahamas 2
73 Jersey 2
74 Belize 2
75 Ghana 2
76 Panama 2
77 Peru 1
78 Cambodia 2
79 Indonesia 2
80 Bermuda 1
81 Bolivia 1
82 Reunion 1
83 Guernsey 1
84 PRI 2
85 Philippines 1
86 Ecuador 2
87 Montenegro 1
88 Macao 1
89 Macedonia 1
90 Malta 1
91 FRO 1
92 Nigeria 1
93 SAU 1
94 DOM 1
95 Lebanon 1
96 LAO 1
97 Liechtenstein 1
98 Andorra 1
99 VGB 1
100 Armenia 1
101 Albania 1
102 Angola 1
103 Aruba 1
41
NLD
GRC
THA
SVK
BEL
ROU
HUN
ARG
DNK
IRL
DEU
FIN
HKG
IND
UKR
SVN
GBR
ESP
ITA
RUS
USA-E
NOR
CZE
BRA
USA-W
KOR
CHN-S
SGP
BGR
SWE
AUS
JPN
CAN
AUT
LTU
POL
CHN-N
CHE
FRA
ISL
GEO
NLD
- 60.31 230.401 39.922 68.737 33.036 26.049 257.275 18.372 32.086 11.847 58.618 222.472 176.477 53.881 33.251 9.471 30.115 21.812 103.369 83.496 29.25 44.467 221.796 148.374 291.421 214.502 193.085 57.247 24.693 290.321 242.064 104.343 22.596 47.302 32.745 177.028 27.291 22.653 50.874 75.253
GRC
60.067 - 259.936 49.499 58.899 42.656 54.07 296.547 58.187 78.128 46.549 84.18 326.226 194.293 53.407 52.719 73.545 68.592 51.112 86.948 129.519 67.72 50.912 262.377 203.629 322.462 277.902 297.546 15.334 70.85 338.832 311.015 140.113 44.459 74.035 64.33 285.211 51.975 57.401 107.388 46.742
THA
217.172 236.902 - 171.422 262.568 195.735 171.418 410.258 209.848 185.474 152.578 187.506 60.993 187.429 198.756 192.82 193.29 255.55 156.334 211.935 262.749 212.333 206.678 351.635 201.02 261.92 441.609 31.751 188.264 201.389 166.869 96.499 267.238 190.108 187.277 216.113 273.992 260.984 165.389 192.515 242.676
SVK
39.753 49.49 185.414 - 18.55 23.329 18.072 269.177 32.702 35.155 10.966 37.672 222.97 130.068 37.113 8.538 32.637 45.625 20.088 51.909 123.086 42.961 16.934 244.733 186.848 292.056 274.058 196.633 15.478 49.999 298.529 273.981 115.992 2.049 22.522 55.572 247.344 26.364 27.225 78.962 78.046
BEL
71.133 58.813 269.604 18.494 - 33.435 31.068 246.198 16.554 20.457 8.58 30.852 230.727 138.398 50.222 31.007 9.318 22.931 25.525 50.976 84.004 30.084 39.537 202.705 163.91 272.086 288.493 170.465 39.133 23.098 289.61 267.722 99.428 37.049 39.356 92.337 260.791 22.225 6.496 48.796 75.146
ROU
33.154 42.651 198.028 23.329 33.468 - 46.305 269.949 48.358 55.312 25.272 50.56 228.494 154.047 41.095 31.132 39.017 57.646 40.332 77.32 128.961 51.666 30.794 246.631 201.227 317.269 294.795 215.253 11.362 51.419 402.317 296.816 126.497 28.918 39.374 48.811 333.023 36.504 45.589 97.123 66.651
HUN
26.125 54.018 183.507 17.828 30.999 46.401 - 278.836 35.545 45.391 19.536 38.167 221.38 150.696 55.313 33.471 30.149 50.198 23.719 54.556 114.651 49.858 33.343 220.923 180.004 319.5 211.812 187.336 31.106 40.589 291.256 283.841 116.435 18.107 45.336 43.037 211.083 24.138 30.583 74.469 75.105
ARG
238.925 281.04 407.719 262.295 233.417 264.164 254.714 - 244.293 236.938 238.954 258.299 379.515 425.664 271.959 273.945 221.558 248.232 246.835 273.928 150.348 256.137 258.485 154.253 214.742 325.316 378.105 370.02 263.725 246.435 408.011 315.093 167.68 244.151 262.624 253.168 396.073 259.639 226.152 254.884 307.646
DNK
18.379 58.109 220.673 31.567 16.608 46.954 35.286 263.544 - 33.422 13.607 29.174 254.341 156.618 50.385 41.134 21.101 41.461 29.543 43.416 92.935 10.195 40.698 218.714 175.504 300.654 227.745 201.186 46.736 9.762 299.81 264.712 116.786 33.528 22.43 44.274 193.208 26.007 22.911 61.674 83.678
IRL
27.732 74.247 190.03 52.655 23.759 54.495 42.829 236.307 29.478 - 30.267 51.415 250.445 164.309 86.307 57.058 20.931 38.461 44.82 72.949 82.798 42.989 54.439 229.737 163.649 267.966 249.441 265.841 58.539 72.188 333.937 259.274 124.56 45.44 48.967 55.927 350.654 32.156 16.701 58.406 90.065
DEU
12.019 46.494 171.921 10.925 8.631 25.508 19.554 262.509 13.699 21.695 - 37.551 211.413 141.393 31.27 24.775 13.609 35.291 15.805 43.57 96.762 21.344 18.942 218.02 169.241 292.436 270.281 166.591 27.832 20.034 306.472 256.012 94.654 11.863 51.449 25.923 224.92 7.136 17.947 58.741 61.081
FIN
62.742 84.276 189.767 34.547 31.278 50.447 38.486 258.089 28.917 50.621 38.441 - 230.271 209.633 42.785 43.82 36.499 62.152 43.293 47.21 118.232 32.578 50.974 222.364 158.62 293.938 273.827 206.477 55.39 6.817 307.595 244.94 117.126 51.258 11.051 79.247 310.291 31.163 36.782 74.271 84.773
HKG
223.736 326.366 61.594 222.957 230.75 228.403 220.951 378.94 254.345 254.61 211.392 246.728 - 83.749 238.382 196.576 205.836 250.538 245.405 290.188 227.703 228.591 299.789 327.903 156.814 74.851 223.332 33.864 243.382 221.823 166.132 51.966 223.803 204.069 232.874 230.804 243.662 293.965 240.808 252.168 269.793
IND
174.341 189.432 186.516 130.196 138.392 158.873 146.096 423.398 153.563 159.54 140.447 205.547 81.181 - 208.727 165.745 179.269 192.348 180.827 159.432 245.066 160.491 179.146 366.563 271.118 246.326 374.4 46.964 178.547 168.087 139.843 110.399 218.875 179.247 149.477 190.348 348.767 141.343 149.62 179.455 209.748
UKR
53.775 53.293 199.64 37.179 50.275 41.106 55.261 275.098 50.353 68.325 31.285 41.94 238.401 205.416 - 47.169 53.71 64.949 42.329 19.56 119.071 54.329 55.065 231.912 193.469 312.527 450.78 211.436 57.804 47.682 326.901 270.211 130.348 46.759 27.052 43.864 214.917 44.625 50.708 92.18 80.601
SVN
32.55 49.971 195.113 10.626 30.117 30.649 32.678 276.813 39.304 46.954 25.514 50.457 196.54 168.831 47.475 - 35.776 61.177 33.975 62.335 123.119 57.197 26.395 204.629 153.065 300.514 284.155 211.613 19.255 43.419 301.09 228.114 117.953 8.362 41.976 42.158 272.613 21.691 35.645 76.29 91.805
GBR
9.467 68.381 204.941 32.611 9.378 38.889 30.075 234.017 21.836 16.566 13.607 36.073 205.917 181.335 53.512 37.648 - 25.838 22.007 55.968 70.999 33.746 43.925 201.194 130.887 259.247 243.553 178.029 68.113 26.13 263.239 227.26 101.284 29.525 34.825 31.886 297.551 19.97 3.934 38.614 81.258
ESP
30.208 67.731 259.824 45.515 22.962 57.647 50.052 266.254 41.38 38.873 35.224 60.446 250.579 191.958 64.919 61.428 25.934 - 24.81 76.685 91.518 49.945 55.714 223.63 163.999 291.426 227.206 179.309 65.134 60.961 300.851 251.591 107.41 43.568 58.226 53.101 296.955 29.229 23.561 71.889 91.551
ITA
22.074 50.882 157.546 24.726 31.658 45.378 31.055 246.018 35.577 44.88 21.821 46.037 245.551 162.494 42.596 39.829 21.927 24.07 - 50.219 94.571 31.068 39.501 213.196 172.176 289.273 269.151 255.607 33.82 38.922 303.868 248.432 117.405 22.06 46.392 36.839 371.31 15.246 20.751 63.556 67.607
RUS
102.946 86.786 211.679 52.065 50.936 77.29 54.619 273.665 43.387 76.974 43.48 47.265 290.289 157.905 19.616 63.369 55.363 76.806 51.183 - 138.109 47.312 66.987 235.942 215.09 289.933 195.64 187.373 70.842 21.107 293.258 206.693 137.951 56.433 25.785 114.85 164.106 55.766 51.926 95.45 54.014
USA-E
85.592 129.326 274.347 127.018 84.072 128.901 118.536 165.722 93.01 81.932 96.713 116.916 227.334 252.552 118.905 137.047 70.972 91.569 94.489 138.111 - 95.24 123.784 137.814 69.98 199.939 231.746 243.845 132.353 102.489 213.934 209.987 24.079 97.96 113.58 100.561 247.131 95.603 72.476 119.162 164.971
NOR
29.616 68.337 207.446 49.405 30.243 51.622 48.871 261.407 10.664 41.652 21.343 17.045 228.456 160.477 54.013 44.582 34.33 50.547 31.616 46.501 95.136 - 45.109 235.298 154.839 300.998 319.876 214.49 57.635 8.97 300.305 267.401 117.416 46 22.434 48.553 202.162 35.71 34.771 70.811 89.681
CZE
51.618 50.96 210.443 16.909 36.431 30.783 40.666 259.595 40.709 59.306 18.926 67.083 299.695 179.324 59.556 25.581 44.396 56.26 39.547 63.503 123.83 45.201 - 246.259 186.707 309.059 265.189 280.432 46.048 44.409 312.511 274.322 131.693 18.207 61.534 63.612 277.987 31.21 40.308 78.656 87.635
BRA
223.25 262.888 354.724 243.159 202.975 248.009 222.306 156.162 226.64 212.582 217.395 213.462 325.964 372.907 234.221 202.737 200.964 229.158 214.546 245.574 138.236 235.711 247.908 - 177.615 300.684 493.373 359.403 240.224 231.149 363.895 266.818 140.337 236.952 224.882 237.389 510.795 234.044 207.833 248.902 283.042
USA-W
148.431 203.761 201.178 187.475 163.936 200.923 180.354 216.221 175.58 156.583 165.126 158.246 156.889 274.693 193.542 150.689 131.037 163.961 167.145 214.925 69.853 154.953 182.567 177.62 - 154.665 176.686 176.085 200.4 157.179 176.421 136.21 56.344 176.821 180.68 185.371 178.211 179.452 163.381 175.754 232.009
KOR
297.584 322.356 262.528 293.691 272.141 317.238 316.189 328.624 300.724 276.585 292.455 294.019 74.954 248.762 317.058 302.542 259.243 291.434 289.345 290.227 199.929 301.563 309.073 298.84 154.065 - 70.024 97.781 298.961 301.247 302.632 31.455 198.512 298.53 274.323 302.554 40.054 315.459 266.106 322.523 361.953
CHN-S
SGP
171.255 297.64 31.94 196.171 172.709 202.161 186.752 372.315 201.479 263.796 179.595 205.102 33.867 52.199 211.339 211.585 175.423 179.445 253.614 197.447 243.716 216.909 269.765 358.014 176.157 97.791 365.156 - 202.366 256.268 93.316 80.213 223.213 187.272 198.804 204.534 250.702 182.413 248.784 298.118 235.328
BGR
56.942 14.82 189.475 15.467 39.392 11.467 31.817 268.178 46.204 56.328 27.399 71.113 243.422 175.086 57.427 20.652 69.156 64.209 35.14 70.67 128.195 58.122 46.053 238.94 199.631 299.408 340.987 202.225 - 57.219 309.667 296.218 126.059 40.974 57.293 74.905 261.673 40.829 42.987 80.151 58.186
SWE
24.722 70.826 201.371 50.011 23.196 51.523 40.834 246.034 9.94 39.572 20.053 6.753 221.724 168.77 47.504 46.689 26.104 61.018 40.022 21.01 102.242 9.108 44.372 226.693 157.281 300.058 224.337 256.331 57.341 - 296.201 278.084 119.064 34.431 11.775 48.488 204.338 38.504 24.193 68.464 78.485
AUS
289.776 338.42 166.372 296.093 289.294 402.015 290.148 410.814 299.413 329.554 305.956 313.431 166.123 141.847 326.232 302.254 262.474 300.61 303.12 292.74 213.674 299.608 310.989 365.991 176.224 302.794 153.338 93.258 309.806 295.797 - 116.225 223.161 346.845 394.464 302.942 188.714 306.213 277.2 300.821 358.923
JPN
246.164 311.016 96.349 274.079 267.834 296.92 283.987 315.192 264.686 255.469 255.821 246.144 51.955 113.26 270.273 228.605 227.15 251.458 248.39 206.828 209.767 267.803 274.287 267.562 136.206 32.199 204.602 80.161 296.091 278.325 115.57 - 159.113 258.378 267.672 273.28 201.428 284.532 226.288 277.528 325.23
CAN
98.907 140.444 273.454 111.897 92.053 125.377 116.351 179.569 119.65 112.359 94.793 124.059 228.714 224.543 136.123 121.446 103.373 106.947 114.24 135.469 20.851 117.592 133.691 142.026 55.161 198.309 231.853 221.786 125.629 120.781 223.142 159.756 - 109.349 120.442 121.768 238.962 104.69 118.922 142.27 153.044
AUT
22.719 44.385 190.328 2.03 37.006 28.891 17.791 248.622 33.399 40.825 12.095 51.17 204.029 182.077 46.925 7.731 28.551 46.811 17.32 56.428 97.931 45.55 18.164 232.504 176.862 298.605 302.612 188.679 41.196 34.424 346.936 258.361 111.976 - 53.992 29.41 252.358 12.826 22.897 74.225 68.246
LTU
47.38 73.72 186.218 22.583 39.417 39.341 45.343 266.27 22.325 47.365 51.41 22.923 232.774 153.686 27.034 41.095 34.564 58.212 38.848 25.587 112.786 23.037 61.498 224.912 180.754 274.037 406.023 198.658 57.013 11.662 395.151 267.597 119.286 53.976 - 64.061 235.759 32.975 33.027 84.155 93.287
POL
32.715 64.086 216.138 54.128 94.194 48.718 42.733 255.119 44.21 52.111 25.73 82.796 230.7 190.422 43.863 44.41 35.988 63.009 30.872 115.339 100.524 48.804 68.262 235.573 185.346 302.538 224.974 204.61 74.269 48.872 303.614 273.149 118.359 29.127 64.093 - 188.368 36.889 29.662 71.019 78.768
CHN-N
CHE
27.214 51.474 261.085 26.307 22.047 35.785 24.169 274.745 25.943 33.222 6.865 31.175 291.195 147.71 44.403 21.643 20.053 29.272 14.195 56.02 95.588 35.849 31.269 232.575 179.385 316.733 228.048 172.254 39.923 38.418 306.292 287.655 103.67 13.013 32.984 36.824 183.838 -  26.296 56.702 71.866
FRA
22.653 57.401 165.389 27.225 6.496 45.589 30.583 226.152 22.911 16.701 17.947 36.782 240.808 149.62 50.708 35.645 3.934 23.561 20.751 51.926 72.476 34.771 40.308 207.833 163.381 266.106 343.459 248.784 42.987 24.193 277.2 226.288 118.922 22.897 33.027 29.662 325.66 26.296 - 45.968 85.448
ISL
50.874 107.388 192.515 78.962 48.796 97.123 74.469 254.884 61.674 58.406 58.741 74.271 252.168 179.455 92.18 76.29 38.614 71.889 63.556 95.45 119.162 70.811 78.656 248.902 175.754 322.523 249.135 298.118 80.151 68.464 300.821 277.528 142.27 74.225 84.155 71.019 396.409 56.702 45.968 - 121.765
GEO
75.253 46.742 242.676 78.046 75.146 66.651 75.105 307.646 83.678 90.065 61.081 84.773 269.793 209.748 80.601 91.805 81.258 91.551 67.607 54.014 164.971 89.681 87.635 283.042 232.009 361.953 346.258 235.328 58.186 78.485 358.923 325.23 153.044 68.246 93.287 78.768 310.23 71.866 85.448 121.758 -
BTC.com
17.22
4
DEU 13.28
USA-E 8.43
CHN-S 45.86
CHN-N 32.43
AntPool
12.25
1
CHN-N 100
SlushPool
10.65
23
CAN 6.11167
CAN 6.09327
CHN-N 1.09687
CHN-N 0.109115
GBR 4.44225
DEU 5.21055
DEU 4.75079
DEU 5.16355
DEU 5.05525
NLD 5.7173
FRA 5.36175
FRA 2.79735
DEU 2.68496
JPN 0.222317
SGP 1.56562
USA-W 5.33519
USA-W 5.37606
USA-W 2.85456
USA-E 6.00745
USA-E 5.9155
USA-E 5.66417
USA-E 6.35278
USA-E 6.11167
ViaBTC
9.91
1
CHN-N 100
F2Pool
9.48
1
CHN-N 100
BTC.TOP
8.42
1
CHN-N 100
Poolin
5.05
1
CHN-N 100
DPOOL
2.99
1
CHN-N 100
Huobi.pool
2.71
1
CHN-N 100
BitFury
2.26
4
CAN 25
NOR 25
ISL 25
GEO 25
Bitcoin.com
1.39
1
USA-E 100
Bixin
1.06
1
CHN-N 100
tigerpool.net
0.91
1
CHN-N 100
58COIN
0.58
1
CHN-N 100
BWPool
0.33
1
CHN-N 100
KanoPool
0.25
1
USA-E 100
BitcoinRussia
0.15
1
RUS 100
