0
0
1
1
2
2
2
3
3
4
4
5
5
5
6
6
7
7
7
7
7
7
8
8
8
9
9
9
9
9
9
9
9
10
10
10
11
11
11
11
12
12
12
12
13
13
13
13
13
14
15
15
16
16
16
17
17
17
18
18
18
18
19
19
19
19
19
19
20
20
20
20
20
20
20
21
21
22
22
22
24
24
24
24
25
25
25
25
25
25
26
26
27
27
27
27
28
28
28
28
30
30
31
31
31
31
32
32
33
33
33
33
33
33
33
34
34
34
34
34
34
35
35
36
36
36
36
36
37
37
37
37
37
37
37
38
38
38
39
39
40
40
40
40
40
40
41
42
42
42
42
42
42
43
43
43
44
44
44
45
46
46
46
46
46
46
46
46
47
47
47
48
48
48
49
49
49
49
49
49
49
49
49
49
50
50
50
50
51
51
51
51
51
51
52
52
52
52
53
53
53
53
53
53
54
54
55
55
55
55
55
56
56
57
57
57
58
58
58
58
59
59
59
59
59
60
60
61
61
61
61
61
61
62
62
64
64
65
65
65
66
66
66
66
67
67
68
68
68
68
69
69
70
70
70
71
71
71
71
71
72
72
72
72
72
73
74
74
74
75
75
75
76
76
77
77
77
78
78
78
78
78
79
79
80
80
80
80
80
81
81
81
81
81
81
81
82
82
82
82
82
83
84
84
84
85
85
85
86
86
86
86
87
87
88
89
89
89
89
89
90
90
90
91
91
92
92
93
93
93
93
94
94
94
94
95
95
96
96
97
97
97
97
97
99
100
100
100
101
101
101
102
102
103
103
103
103
104
104
104
105
105
105
106
106
106
107
107
107
107
107
107
107
108
108
109
109
109
109
110
110
110
110
111
111
111
111
112
112
112
113
113
114
114
115
115
115
116
116
116
116
117
118
118
118
119
119
120
121
122
122
123
123
123
123
124
124
124
125
125
125
125
126
126
127
127
127
128
128
128
129
129
129
129
129
130
130
131
131
131
131
132
132
132
132
133
133
133
134
134
134
135
135
135
137
137
138
139
139
139
139
139
140
140
141
141
141
141
143
143
143
143
143
143
144
144
145
145
147
147
148
148
148
149
149
150
150
151
152
154
154
154
154
155
155
155
155
156
156
156
156
156
156
156
157
158
159
159
159
161
161
162
162
162
162
162
162
162
163
163
164
164
165
165
165
166
166
166
167
168
168
169
170
170
170
172
172
173
175
175
176
176
176
177
177
177
177
177
179
180
180
180
181
182
182
182
183
183
184
184
185
185
185
186
187
187
187
187
187
189
190
191
191
193
193
193
194
194
195
195
195
195
195
197
197
197
198
198
198
199
199
199
200
201
201
201
202
203
204
204
205
205
205
205
206
206
207
207
208
208
209
209
209
209
209
209
210
210
210
210
211
211
212
212
212
213
213
213
213
213
214
214
214
214
215
215
216
217
217
217
218
218
219
220
221
221
221
222
222
222
222
222
223
224
224
224
226
226
226
227
227
227
228
228
229
231
232
232
232
232
233
233
234
234
235
235
236
236
236
236
237
237
238
238
239
239
240
240
241
241
241
241
242
242
242
243
243
243
243
245
245
245
245
245
245
246
246
247
248
248
248
248
248
249
250
250
251
252
252
252
252
253
254
255
256
256
257
258
258
258
259
260
260
260
263
263
263
264
264
264
265
265
266
266
267
269
269
270
271
271
273
274
274
274
275
275
276
276
277
278
278
279
279
280
281
281
281
283
286
286
287
288
288
289
291
292
293
293
294
295
297
297
297
298
299
300
300
300
301
302
303
303
305
306
306
309
310
312
313
314
315
315
316
317
317
317
318
318
318
320
321
321
322
322
323
323
324
324
324
324
325
326
331
332
332
332
333
333
333
334
335
336
337
338
338
339
339
339
339
339
340
340
340
342
342
344
344
345
345
345
346
347
348
352
352
352
353
354
356
357
359
360
361
362
362
363
363
365
365
366
366
368
369
369
372
373
373
373
375
375
376
376
378
378
378
378
378
378
379
380
380
382
383
384
385
385
387
388
388
388
389
390
392
392
394
396
396
396
398
399
400
400
401
401
403
404
406
407
407
407
408
408
409
410
412
413
414
415
416
419
420
422
422
423
425
426
427
428
428
428
428
429
429
430
431
436
436
437
437
437
437
438
440
441
442
442
443
444
445
445
446
446
447
449
450
450
451
452
453
454
458
458
459
460
460
461
462
462
463
465
466
466
467
468
469
470
474
475
479
480
483
483
484
484
485
487
489
489
491
493
494
495
495
496
499
499
500
500
500
501
503
504
505
506
507
510
511
512
513
513
514
515
518
519
519
520
527
531
534
535
546
549
549
553
554
554
555
556
558
559
560
560
562
563
563
565
566
567
568
570
575
577
577
580
584
584
584
587
588
589
590
594
596
601
609
610
611
611
612
615
615
617
618
618
620
620
622
622
622
624
625
630
632
634
636
636
638
639
639
639
640
640
645
647
650
655
662
663
665
667
667
667
669
671
672
673
679
679
681
683
684
686
690
697
699
703
705
705
707
710
716
717
726
735
742
743
744
745
747
749
753
757
758
761
762
774
777
778
780
787
788
798
801
802
803
806
807
819
836
837
848
850
864
865
872
877
880
880
902
907
915
917
919
924
926
927
939
947
953
954
957
972
978
997
998
1011
1016
1017
1018
1029
1038
1041
1043
1055
1067
1069
1078
1087
1092
1118
1125
1146
1152
1153
1191
1212
1223
1265
1274
1380
1405
1421
1433
1449
1456
1474
1488
1531
1535
1547
1573
1793
1992
2068
2509
